Register A: 22571680
Register B: 0
Register C: 0

Program: 2,4,1,3,7,5,0,3,4,3,1,5,5,5,3,0


checking 100010101111001101101
checking [2, 4, 1, 3, 7, 5, 2]
checking 100010101111010111111
checking [2, 4, 1, 3, 7, 5, 2]
checking 1011000100101010111111
checking [2, 4, 1, 3, 7, 5, 6, 7]


1101010111111
1101010100000

0001010111111

111001101101 po [2, 4, 1, 3, 7, 5]

checking 100101100010101111001101101
checking [2, 4, 1, 3, 7, 5, 0, 3, 2]
checking 100111100010101111001101101
checking [2, 4, 1, 3, 7, 5, 0, 3, 2]
checking 101000100010101111001101101
checking [2, 4, 1, 3, 7, 5, 0, 3, 3]
checking 101101100010101111001101101
checking [2, 4, 1, 3, 7, 5, 0, 3, 3]
checking 101111100010101111001101101
checking [2, 4, 1, 3, 7, 5, 0, 3, 3]
checking 101111100100101111001101101
checking [2, 4, 1, 3, 7, 5, 0, 3, 3

kandydaci:
0101111001101101

Kandydaci po [2, 4, 1, 3, 7, 5]
111010111111

100010101111010111111


101010111111


checking 101111100100101111001101101 -> 00100101111001101101
checking [2, 4, 1, 3, 7, 5, 0, 3, 3

  checking 1111110101111100100101111001101101
  checking [2, 4, 1, 3, 7, 5, 0, 3, 4, 3, 1, 7]
  checking 10001111110101111100100101111001101101
  checking [2, 4, 1, 3, 7, 5, 0, 3, 4, 3, 1, 3, 5]
  checking 100001111110101111100100101111001101101
  checking [2, 4, 1, 3, 7, 5, 0, 3, 4, 3, 1, 7, 2]
  checking 110001111110101111100100101111001101101
  checking [2, 4, 1, 3, 7, 5, 0, 3, 4, 3, 1, 3, 0]
  checking 1000001111110101111100100101111001101101
  checking [2, 4, 1, 3, 7, 5, 0, 3, 4, 3, 1, 7, 7, 7]
  checking 1010001111110101111100100101111001101101
  checking [2, 4, 1, 3, 7, 5, 0, 3, 4, 3, 1, 3, 1, 7]
  checking 1100001111110101111100100101111001101101
  checking [2, 4, 1, 3, 7, 5, 0, 3, 4, 3, 1, 7, 2, 7]
  checking 1110001111110101111100100101111001101101
  checking [2, 4, 1, 3, 7, 5, 0, 3, 4, 3, 1, 3, 0, 7]


checking 101111100010101111001101101 -> 00010101111001101101
checking [2, 4, 1, 3, 7, 5, 0, 3, 3]
  checking 10001101000100101100010101111001101101
  checking [2, 4, 1, 3, 7, 5, 0, 3, 4, 3, 1, 3, 5]
  checking 10011101000100101100010101111001101101
  checking [2, 4, 1, 3, 7, 5, 0, 3, 4, 3, 1, 6, 5]
  checking 10101101000100101100010101111001101101
  checking [2, 4, 1, 3, 7, 5, 0, 3, 4, 3, 1, 3, 5]
  checking 10111101000100101100010101111001101101
  checking [2, 4, 1, 3, 7, 5, 0, 3, 4, 3, 1, 0, 5]
